Sol		0	0 		0 		0 	1.98855e30 	696.342e6

Mercurius	0	46.0012e9	47.362e3	0	3.3022e23	2.4397e6

Venus		0	107.477e9	35.02e3		0	4.8676e24	6.0518e6

Terra 		0	151.930e9	29.78e3		0 	5.97219e24 	6.3781e6
Luna 		0	152.293e9	28.762e3 	0 	7.3477e22 	1.7371e6

Mars		0	206.7e9		24.077e3	0	6.4185e23	3.3895e6
Phobos		0	206.70923442e9	21.939e3	0	1.0659e16	11.2667e3
Deimos		0	206.7234555e9	22.7257e3	0	1.4762e15	6.2e3

Jupiter		0	740.5736e9	13.07e3		0	1.8986e27	69.911e6

Saturn		0	1.353572956e12	9.69e3		0	5.6846e26	58.232e6

Uranus		0	2.7351181e12	6.8e3		0	8.681e25	25.362e6

Neptune		0	4.4595044e12	5.43e3		0	1.0243e13	24.622e6